  -30.000000000000000        0.0000000000000000     
  -29.899999999999999        2.1316235421352909E-004
  -29.800000000000001        7.4946120386970691E-004
  -29.699999999999999        1.3493448475223959E-003
  -29.600000000000001        1.7226867519470033E-003
  -29.500000000000000        1.6893649445800581E-003
  -29.399999999999999        1.2664929787239198E-003
  -29.300000000000001        6.6004473705528978E-004
  -29.199999999999999        1.6496951928063956E-004
  -29.100000000000001        2.2246336718324400E-005
  -29.000000000000000        3.0218020500403982E-004
  -28.899999999999999        8.7048881848473549E-004
  -28.800000000000001        1.4535523653852322E-003
  -28.699999999999999        1.7711043764557083E-003
  -28.600000000000001        1.6719791468840163E-003
  -28.500000000000000        1.2071390058641751E-003
  -28.399999999999999        6.0470320329879647E-004
  -28.300000000000001        1.5923049717615859E-004
  -28.199999999999999        8.9005254036469221E-005
  -28.100000000000001        4.3047675797117910E-004
  -28.000000000000000        1.0209109946356537E-003
  -27.899999999999999        1.5775311872021297E-003
  -27.800000000000001        1.8346697986261853E-003
  -27.699999999999999        1.6723833789824222E-003
  -27.600000000000001        1.1742140620468846E-003
  -27.500000000000000        5.8625502815991271E-004
  -27.399999999999999        1.9760143908305699E-004
  -27.300000000000001        2.0031617398437684E-004
  -27.199999999999999        5.9676845688060942E-004
  -27.100000000000001        1.1990309570740223E-003
  -27.000000000000000        1.7203365947732439E-003
  -26.899999999999999        1.9140920274562212E-003
  -26.800000000000001        1.6930816503627514E-003
  -26.699999999999999        1.1712301371710762E-003
  -26.600000000000001        6.0787904292203460E-004
  -26.500000000000000        2.8179575316436350E-004
  -26.399999999999999        3.5615758221908410E-004
  -26.300000000000001        7.9998569839990444E-004
  -26.199999999999999        1.4038971672002099E-003
  -26.100000000000001        1.8821381048039672E-003
  -26.000000000000000        2.0111007356234415E-003
  -25.899999999999999        1.7371607904166674E-003
  -25.800000000000001        1.2018838365885835E-003
  -25.699999999999999        6.7280633647583306E-004
  -25.600000000000001        4.1360064150693722E-004
  -25.500000000000000        5.5656922350602502E-004
  -25.399999999999999        1.0391342751025876E-003
  -25.300000000000001        1.6349017744751266E-003
  -25.199999999999999        2.0639611514961255E-003
  -25.100000000000001        2.1286334415306935E-003
  -25.000000000000000        1.8087055181456400E-003
  -24.899999999999999        1.2702152287888829E-003
  -24.800000000000001        7.8410502932338021E-004
  -24.699999999999999        5.9471405880311135E-004
  -24.600000000000001        8.0194337088059810E-004
  -24.500000000000000        1.3138091658668894E-003
  -24.399999999999999        1.8918412511184932E-003
  -24.300000000000001        2.2670094177484634E-003
  -24.199999999999999        2.2699552978541239E-003
  -24.100000000000001        1.9124820639643898E-003
  -24.000000000000000        1.3809296514770010E-003
  -23.899999999999999        9.4495760776162376E-004
  -23.800000000000001        8.2646807520052215E-004
  -23.699999999999999        1.0925928328665655E-003
  -23.600000000000001        1.6244299881684110E-003
  -23.500000000000000        2.1759117941210389E-003
  -23.399999999999999        2.4934807361880486E-003
  -23.300000000000001        2.4383945959665322E-003
  -23.199999999999999        2.0528812597552905E-003
  -23.100000000000001        1.5387235035941051E-003
  -23.000000000000000        1.1589551764235914E-003
  -22.899999999999999        1.1103175641619814E-003
  -22.800000000000001        1.4283254020711663E-003
  -22.699999999999999        1.9710312279882861E-003
  -22.600000000000001        2.4890990174865181E-003
  -22.500000000000000        2.7474656455492037E-003
  -22.399999999999999        2.6388879307088979E-003
  -22.300000000000001        2.2344178329840162E-003
  -22.199999999999999        1.7473483717422844E-003
  -22.100000000000001        1.4292052822966251E-003
  -22.000000000000000        1.4484339575786562E-003
  -21.899999999999999        1.8099087561670524E-003
  -21.799999999999997        2.3535239288809671E-003
  -21.699999999999999        2.8323693642692319E-003
  -21.600000000000001        3.0327455228569824E-003
  -21.500000000000000        2.8776841160456298E-003
  -21.399999999999999        2.4633581683803393E-003
  -21.299999999999997        2.0108101020240377E-003
  -21.199999999999999        1.7574370045811785E-003
  -21.100000000000001        1.8420639451569233E-003
  -21.000000000000000        2.2394130578757086E-003
  -20.899999999999999        2.7744043821523825E-003
  -20.799999999999997        3.2078393154829289E-003
  -20.699999999999999        3.3516680794216536E-003
  -20.600000000000001        3.1589573757269157E-003
  -20.500000000000000        2.7458607953063327E-003
  -20.399999999999999        2.3348462716696159E-003
  -20.299999999999997        2.1462074233395967E-003
  -20.199999999999999        2.2907452468004103E-003
  -20.100000000000001        2.7166746293198949E-003
  -20.000000000000000        3.2367957344905710E-003
  -19.899999999999999        3.6213726732099317E-003
  -19.799999999999997        3.7097301550550257E-003
  -19.699999999999999        3.4860804394070870E-003
  -19.600000000000001        3.0846168642113237E-003
  -19.500000000000000        2.7235297814688767E-003
  -19.399999999999999        2.6001788181937171E-003
  -19.299999999999997        2.7966786260577078E-003
  -19.199999999999999        3.2404681694949669E-003
  -19.100000000000001        3.7395580950567581E-003
  -19.000000000000000        4.0765398381021195E-003
  -18.899999999999999        4.1154008559927662E-003
  -18.799999999999997        3.8674247025003231E-003
  -18.699999999999999        3.4832345169062270E-003
  -18.600000000000001        3.1766366640309830E-003
  -18.500000000000000        3.1202368113664907E-003
  -18.399999999999999        3.3642897983879104E-003
  -18.299999999999997        3.8156275287276791E-003
  -18.199999999999999        4.2838075512785416E-003
  -18.100000000000001        4.5719113292483219E-003
  -18.000000000000000        4.5705128769762586E-003
  -17.899999999999999        4.3110234450988473E-003
  -17.799999999999997        3.9512359150337146E-003
  -17.699999999999999        3.6977118162258922E-003
  -17.600000000000001        3.7029579655598597E-003
  -17.500000000000000        3.9905227761148606E-003
  -17.399999999999999        4.4465107501669779E-003
  -17.299999999999997        4.8793588788189346E-003
  -17.199999999999999        5.1142108773072027E-003
  -17.100000000000001        5.0744808443581157E-003
  -17.000000000000000        4.8145897368742883E-003
  -16.899999999999999        4.4925969790687382E-003
  -16.799999999999997        4.2961889649826271E-003
  -16.699999999999999        4.3537774684387683E-003
  -16.600000000000001        4.6709694774644027E-003
  -16.500000000000000        5.1255400504752451E-003
  -16.399999999999999        5.5277050601589654E-003
  -16.299999999999997        5.7165572805138376E-003
  -16.199999999999999        5.6407172968370341E-003
  -16.100000000000001        5.3799228909555599E-003
  -16.000000000000000        5.0998122563554208E-003
  -15.899999999999999        4.9689417666325102E-003
  -15.799999999999999        5.0813168243130343E-003
  -15.699999999999999        5.4170156187097265E-003
  -15.600000000000000        5.8529371318266502E-003
  -15.500000000000000        6.2180381384400619E-003
  -15.399999999999999        6.3728599417546307E-003
  -15.299999999999999        6.2796329755527031E-003
  -15.199999999999999        6.0254070667483438E-003
  -15.100000000000000        5.7794680548784380E-003
  -15.000000000000000        5.7045130227344398E-003
  -14.899999999999999        5.8724652051958858E-003
  -14.799999999999999        6.2331684038618648E-003
  -14.699999999999999        6.6481748994888668E-003
  -14.600000000000000        6.9625339771215563E-003
  -14.500000000000000        7.0742590048343155E-003
  -14.399999999999999        6.9746548304238471E-003
  -14.299999999999999        6.7509467443321938E-003
  -14.199999999999999        6.5512228877602054E-003
  -14.100000000000000        6.5185360092598803E-003
  -14.000000000000000        6.7177191451734961E-003
  -13.899999999999999        7.0952086400460652E-003
  -13.800000000000001        7.5037227012923913E-003
  -13.699999999999999        7.7833878889562750E-003
  -13.599999999999998        7.8487747862007930E-003
  -13.500000000000000        7.7270267742933496E-003
  -13.399999999999999        7.5311340879017806E-003
  -13.300000000000001        7.3971494329457266E-003
  -13.199999999999999        7.4256100634300330E-003
  -13.099999999999998        7.6465551037056363E-003
  -13.000000000000000        8.0079984228183087E-003
  -12.899999999999999        8.3899398645846650E-003
  -12.800000000000001        8.6521528541800112E-003
  -12.699999999999999        8.7070012467664881E-003
  -12.599999999999998        8.5764387896006614E-003
  -12.500000000000000        8.3861047134423140E-003
  -12.399999999999999        8.2911654165772741E-003
  -12.300000000000001        8.3850753705472028E-003
  -12.199999999999999        8.6561730228968976E-003
  -12.099999999999998        9.0125586503719008E-003
  -12.000000000000000        9.3403421743225856E-003
  -11.899999999999999        9.5498576086277438E-003
  -11.800000000000001        9.5983101357740141E-003
  -11.699999999999999        9.5040901979161884E-003
  -11.599999999999998        9.3541346745544523E-003
  -11.500000000000000        9.2796206052560247E-003
  -11.399999999999999        9.3876052977379665E-003
  -11.300000000000001        9.6864858214343562E-003
  -11.199999999999999        1.0070729695937562E-002
  -11.099999999999998        1.0388933340957156E-002
  -11.000000000000000        1.0542953584565855E-002
  -10.899999999999999        1.0537295615301652E-002
  -10.799999999999997        1.0450437279242044E-002
  -10.699999999999999        1.0373783168902691E-002
  -10.599999999999998        1.0377005510104741E-002
  -10.500000000000000        1.0505322657299802E-002
  -10.399999999999999        1.0770866887837205E-002
  -10.299999999999997        1.1124678213176113E-002
  -10.199999999999999        1.1450797443916229E-002
  -10.099999999999998        1.1624549108009741E-002
  -10.000000000000000        1.1606265051351412E-002
  -9.8999999999999986        1.1482854148849590E-002
  -9.7999999999999972        1.1406057536045833E-002
  -9.6999999999999993        1.1479237558864246E-002
  -9.5999999999999979        1.1697596382975723E-002
  -9.5000000000000000        1.1985566032610716E-002
  -9.3999999999999986        1.2271157755929520E-002
  -9.2999999999999972        1.2513300256069060E-002
  -9.1999999999999993        1.2676807896750145E-002
  -9.0999999999999979        1.2723553684085023E-002
  -9.0000000000000000        1.2658381385169365E-002
  -8.8999999999999986        1.2573857553320428E-002
  -8.7999999999999972        1.2610933685874903E-002
  -8.6999999999999993        1.2844434521050106E-002
  -8.5999999999999979        1.3206322015052332E-002
  -8.5000000000000000        1.3537960729470951E-002
  -8.3999999999999986        1.3725572842457208E-002
  -8.2999999999999972        1.3779950532942144E-002
  -8.1999999999999993        1.3787714845103927E-002
  -8.0999999999999979        1.3809621442523236E-002
  -8.0000000000000000        1.3850931951534251E-002
  -7.8999999999999986        1.3921116891439031E-002
  -7.7999999999999972        1.4076371600730900E-002
  -7.6999999999999993        1.4362618038341480E-002
  -7.5999999999999979        1.4721758487143072E-002
  -7.5000000000000000        1.4998099245884891E-002
  -7.3999999999999986        1.5073490445859105E-002
  -7.2999999999999972        1.4992638959390835E-002
  -7.1999999999999993        1.4929105164325581E-002
  -7.0999999999999979        1.5018837550523710E-002
  -7.0000000000000000        1.5244137719229691E-002
  -6.8999999999999986        1.5491171016520734E-002
  -6.7999999999999972        1.5695845937608609E-002
  -6.6999999999999993        1.5892928236639677E-002
  -6.5999999999999979        1.6117885768017530E-002
  -6.5000000000000000        1.6309279542830495E-002
  -6.3999999999999986        1.6363100085168551E-002
  -6.2999999999999972        1.6285960713427351E-002
  -6.1999999999999993        1.6243054876905132E-002
  -6.0999999999999979        1.6407778342503072E-002
  -6.0000000000000000        1.6770249263155797E-002
  -5.8999999999999986        1.7135303005219975E-002
  -5.7999999999999972        1.7326219483996493E-002
  -5.6999999999999993        1.7361219790582784E-002
  -5.5999999999999979        1.7398751934393723E-002
  -5.5000000000000000        1.7529605323565470E-002
  -5.3999999999999986        1.7680869845202229E-002
  -5.2999999999999972        1.7749152393850325E-002
  -5.1999999999999993        1.7779528550221635E-002
  -5.0999999999999979        1.7938586239540675E-002
  -5.0000000000000000        1.8294595466014689E-002
  -4.8999999999999986        1.8684817942471649E-002
  -4.7999999999999972        1.8865788792134484E-002
  -4.6999999999999993        1.8790681227085691E-002
  -4.5999999999999979        1.8677568845551985E-002
  -4.5000000000000000        1.8769748414239226E-002
  -4.3999999999999986        1.9067122332615035E-002
  -4.2999999999999972        1.9352299168816582E-002
  -4.1999999999999993        1.9474689061167359E-002
  -4.0999999999999979        1.9532814537965192E-002
  -4.0000000000000000        1.9722457175885874E-002
  -3.8999999999999986        2.0047937205095331E-002
  -3.7999999999999972        2.0281910208683952E-002
  -3.6999999999999993        2.0249925696136626E-002
  -3.5999999999999979        2.0087141484785888E-002
  -3.5000000000000000        2.0119956129311656E-002
  -3.3999999999999986        2.0486261553763385E-002
  -3.2999999999999972        2.0955612853957133E-002
  -3.1999999999999993        2.1188315301747699E-002
  -3.0999999999999979        2.1131857800785206E-002
  -3.0000000000000000        2.1068567203117144E-002
  -2.8999999999999986        2.1252075105132884E-002
  -2.7999999999999972        2.1587692625273366E-002
  -2.6999999999999993        2.1765734074947089E-002
  -2.5999999999999979        2.1684350928958235E-002
  -2.5000000000000000        2.1615024728961825E-002
  -2.3999999999999986        2.1873581219463985E-002
  -2.2999999999999972        2.2395203816380920E-002
  -2.1999999999999993        2.2766101602499207E-002
  -2.0999999999999979        2.2709821635581634E-002
  -2.0000000000000000        2.2438861163785837E-002
  -1.8999999999999986        2.2417475686769880E-002
  -1.7999999999999972        2.2805347500175568E-002
  -1.6999999999999993        2.3267576439721417E-002
  -1.5999999999999979        2.3398407951042772E-002
  -1.5000000000000000        2.3235966931681899E-002
  -1.3999999999999986        2.3213278523383750E-002
  -1.2999999999999972        2.3592246004413453E-002
  -1.1999999999999993        2.4096792160810353E-002
  -1.0999999999999979        2.4236259713096800E-002
  -1.0000000000000000        2.3938846507207786E-002
 -0.89999999999999858        2.3689549498479571E-002
 -0.79999999999999716        2.3959283499410389E-002
 -0.69999999999999929        2.4612052573974370E-002
 -0.59999999999999787        2.5044145049834304E-002
 -0.50000000000000000        2.4914886870691152E-002
 -0.39999999999999858        2.4570409094776959E-002
 -0.29999999999999716        2.4615249126338053E-002
 -0.19999999999999929        2.5149193689895644E-002
  -9.9999999999997868E-002   2.5631559198675394E-002
   0.0000000000000000        2.5567708708757624E-002
  0.10000000000000142        2.5164560845402518E-002
  0.20000000000000284        2.5104648056948595E-002
  0.30000000000000071        2.5684933720954119E-002
  0.40000000000000213        2.6398905409626056E-002
  0.50000000000000000        2.6526997649097165E-002
  0.60000000000000142        2.6035517644462533E-002
  0.70000000000000284        2.5653298251356971E-002
  0.80000000000000071        2.5989455988275564E-002
  0.90000000000000213        2.6769900349774414E-002
   1.0000000000000000        2.7164025838283846E-002
   1.1000000000000014        2.6824783622543799E-002
   1.2000000000000028        2.6342992574217402E-002
   1.3000000000000007        2.6515067002622239E-002
   1.4000000000000021        2.7317217160768997E-002
   1.5000000000000000        2.7892243404357468E-002
   1.6000000000000014        2.7613197652849218E-002
   1.7000000000000028        2.6909073600844952E-002
   1.8000000000000007        2.6780215448009497E-002
   1.9000000000000021        2.7557300728724050E-002
   2.0000000000000000        2.8450410913868549E-002
   2.1000000000000014        2.8497831653062376E-002
   2.2000000000000028        2.7769107548078993E-002
   2.3000000000000043        2.7306401198706413E-002
   2.3999999999999986        2.7832300430036760E-002
   2.5000000000000000        2.8822041825579521E-002
   2.6000000000000014        2.9134689719111873E-002
   2.7000000000000028        2.8456278741467788E-002
   2.8000000000000043        2.7741964975688319E-002
   2.8999999999999986        2.8048806214711043E-002
   3.0000000000000000        2.9181890722613953E-002
   3.1000000000000014        2.9876831750704248E-002
   3.2000000000000028        2.9355922477544902E-002
   3.3000000000000043        2.8336737501043242E-002
   3.3999999999999986        2.8187050260045230E-002
   3.5000000000000000        2.9223097638201714E-002
   3.6000000000000014        3.0276527133997453E-002
   3.7000000000000028        3.0126362961909042E-002
   3.8000000000000043        2.9046073646379574E-002
   3.8999999999999986        2.8504315837531304E-002
   4.0000000000000000        2.9332475174355707E-002
   4.1000000000000014        3.0635090225570850E-002
   4.2000000000000028        3.0861223282003507E-002
   4.3000000000000043        2.9758364048580638E-002
   4.3999999999999986        2.8755144772634317E-002
   4.5000000000000000        2.9219965784812812E-002
   4.6000000000000014        3.0722305135168652E-002
   4.7000000000000028        3.1505142226562532E-002
   4.8000000000000043        3.0655765315542299E-002
   4.8999999999999986        2.9287359974354561E-002
   5.0000000000000000        2.9197915404262635E-002
   5.1000000000000014        3.0616066188873241E-002
   5.2000000000000028        3.1859875183156618E-002
   5.3000000000000043        3.1409272343137402E-002
   5.3999999999999986        2.9847295477429089E-002
   5.5000000000000000        2.9198924412698529E-002
   5.6000000000000014        3.0410114490180346E-002
   5.7000000000000028        3.2099420668146923E-002
   5.8000000000000043        3.2216638664263060E-002
   5.8999999999999986        3.0614923426219232E-002
   6.0000000000000000        2.9309505129175753E-002
   6.1000000000000014        3.0009410451924092E-002
   6.2000000000000028        3.1948628365268988E-002
   6.3000000000000043        3.2772207534879971E-002
   6.3999999999999986        3.1461684053953574E-002
   6.5000000000000000        2.9666891874299158E-002
   6.6000000000000014        2.9703674172015186E-002
   6.7000000000000028        3.1639512703094709E-002
   6.8000000000000043        3.3128134561489227E-002
   6.8999999999999986        3.2298891800749657E-002
   7.0000000000000000        3.0147468186890590E-002
   7.1000000000000014        2.9381355870878131E-002
   7.2000000000000028        3.1055943396319154E-002
   7.3000000000000043        3.3180623956885306E-002
   7.3999999999999986        3.3126848005001694E-002
   7.5000000000000000        3.0924288612205510E-002
   7.6000000000000014        2.9309508395928795E-002
   7.7000000000000028        3.0357916579994752E-002
   7.8000000000000043        3.2842414840437276E-002
   7.8999999999999986        3.3679866079231305E-002
   8.0000000000000000        3.1770076259688092E-002
   8.1000000000000014        2.9452690825564572E-002
   8.2000000000000028        2.9662225435149858E-002
   8.3000000000000043        3.2235940702674160E-002
   8.4000000000000057        3.4013309725192009E-002
   8.5000000000000000        3.2726934571086372E-002
   8.6000000000000014        2.9895052967877339E-002
   8.7000000000000028        2.9030758068130526E-002
   8.8000000000000043        3.1276754052898176E-002
   8.9000000000000057        3.3891232886855895E-002
   9.0000000000000000        3.3584535079252624E-002
   9.1000000000000014        3.0649152972372709E-002
   9.2000000000000028        2.8698779428959931E-002
   9.3000000000000043        3.0210721083287644E-002
   9.4000000000000057        3.3365452287207768E-002
   9.5000000000000000        3.4209602165861233E-002
   9.6000000000000014        3.1577779346722457E-002
   9.7000000000000028        2.8650611697010088E-002
   9.8000000000000043        2.9080709752403736E-002
   9.9000000000000057        3.2403787090313607E-002
   10.000000000000000        3.4496650876160412E-002
   10.100000000000001        3.2657812064004262E-002
   10.200000000000003        2.9049762425650352E-002
   10.300000000000004        2.8119540134917877E-002
   10.400000000000006        3.1068639897513361E-002
   10.500000000000000        3.4248496260035149E-002
   10.600000000000001        3.3614776739223029E-002
   10.700000000000003        2.9807466297216662E-002
   10.800000000000004        2.7479766565909537E-002
   10.900000000000006        2.9555692010508818E-002
   11.000000000000000        3.3498918933893916E-002
   11.100000000000001        3.4346160774518956E-002
   11.200000000000003        3.0881202670357433E-002
   11.300000000000004        2.7271736283173000E-002
   11.400000000000006        2.7982343589808764E-002
   11.500000000000000        3.2172053846366185E-002
   11.600000000000001        3.4605297686176990E-002
   11.700000000000003        3.2110140569015962E-002
   11.800000000000004        2.7618462068605333E-002
   11.900000000000006        2.6645754409211436E-002
   12.000000000000000        3.0430638677452014E-002
   12.100000000000001        3.4264619724758319E-002
   12.200000000000003        3.3248911156826481E-002
   12.300000000000004        2.8443673520325188E-002
   12.400000000000006        2.5695783473297748E-002
   12.500000000000000        2.8423926449989922E-002
   12.600000000000001        3.3262170238210861E-002
   12.700000000000003        3.4106348426968726E-002
   12.800000000000004        2.9702205496849595E-002
   12.900000000000006        2.5343234001824401E-002
   13.000000000000000        2.6397259897950283E-002
   13.100000000000001        3.1576418614835317E-002
   13.200000000000003        3.4386614458354552E-002
   13.300000000000004        3.1142545373186378E-002
   13.400000000000006        2.5658611842368523E-002
   13.500000000000000        2.4650661395389333E-002
   13.600000000000001        2.9386390543372273E-002
   13.700000000000003        3.3961919662898313E-002
   13.800000000000004        3.2526831962242618E-002
   13.900000000000006        2.6617870120313553E-002
   14.000000000000000        2.3412184986046542E-002
   14.100000000000001        2.6871429281376747E-002
   14.200000000000003        3.2703464090496036E-002
   14.300000000000004        3.3543450924501853E-002
   14.400000000000006        2.8104028561217232E-002
   14.500000000000000        2.2927245032585752E-002
   14.600000000000001        2.4373851458045648E-002
   14.700000000000003        3.0656651407495471E-002
   14.800000000000004        3.3892976133149365E-002
   14.900000000000006        2.9833542451714400E-002
   15.000000000000000        2.3262532858502539E-002
   15.100000000000001        2.2213318118797121E-002
   15.200000000000003        2.7989518046518037E-002
   15.300000000000004        3.3384923520620516E-002
   15.400000000000006        3.1509543153700185E-002
   15.500000000000000        2.4412698001464894E-002
   15.600000000000001        2.0713701172426290E-002
   15.700000000000003        2.4966942071480282E-002
   15.800000000000004        3.1882897487352554E-002
   15.900000000000006        3.2732696418191473E-002
   16.000000000000000        2.6185557521129239E-002
   16.100000000000001        2.0125210656589222E-002
   16.200000000000003        2.1988561132717827E-002
   16.300000000000004        2.9464403130602227E-002
   16.400000000000006        3.3181952531110601E-002
   16.500000000000000        2.8273329766312610E-002
   16.600000000000001        2.0544300935428545E-002
   16.700000000000003        1.9437552744420186E-002
   16.800000000000004        2.6314602689219768E-002
   16.900000000000006        3.2597239565463842E-002
   17.000000000000000        3.0281757251567603E-002
   17.100000000000001        2.1939367390820409E-002
   17.200000000000003        1.7709570363875195E-002
   17.300000000000004        2.2791352032083084E-002
   17.400000000000006        3.0863601411985936E-002
   17.500000000000000        3.1756334243176400E-002
   17.600000000000001        2.4066218228366007E-002
   17.700000000000003        1.7068555817575916E-002
   17.800000000000004        1.9344392648274495E-002
   17.900000000000006        2.8066765179533357E-002
   18.000000000000000        3.2319971980981750E-002
   18.100000000000001        2.6563955306796769E-002
   18.200000000000003        1.7635549811880129E-002
   18.300000000000004        1.6444208487589644E-002
   18.400000000000006        2.4447010352221507E-002
   18.500000000000000        3.1670513157472852E-002
   18.600000000000001        2.8942593206791146E-002
   18.700000000000003        1.9332960218286958E-002
   18.800000000000004        1.4534102402075024E-002
   18.900000000000006        2.0440349574291267E-002
   19.000000000000000        2.9711198425332781E-002
   19.100000000000001        3.0696606457378803E-002
   19.200000000000003        2.1873948734221653E-002
   19.300000000000004        1.3906506121389635E-002
   19.400000000000006        1.6562575282826612E-002
   19.500000000000000        2.6542143821761066E-002
   19.600000000000001        3.1380142876924901E-002
   19.700000000000003        2.4817172627615496E-002
   19.800000000000004        1.4683056004491791E-002
   19.900000000000006        1.3368265890952325E-002
   20.000000000000000        2.2477889029924314E-002
   20.100000000000001        3.0675287048427858E-002
   20.200000000000003        2.7592856539103653E-002
   20.300000000000004        1.6740202566839758E-002
   20.400000000000006        1.1339515809481209E-002
   20.500000000000000        1.8023106314530711E-002
   20.600000000000001        2.8494370780043007E-002
   20.700000000000003        2.9633217829895551E-002
   20.800000000000004        1.9738039064593784E-002
   20.900000000000006        1.0796839618122361E-002
   21.000000000000000        1.3774339886740997E-002
   21.100000000000001        2.4973451199752122E-002
   21.200000000000003        3.0435158873304356E-002
   21.300000000000004        2.3146539723096569E-002
   21.400000000000006        1.1842070100336558E-002
   21.500000000000000        1.0355437251912755E-002
   21.600000000000001        2.0502679259355547E-002
   21.700000000000003        2.9677102552334165E-002
   21.800000000000004        2.6325804758090311E-002
   21.900000000000006        1.4306892413576289E-002
   22.000000000000000        8.2853242459563162E-003
   22.100000000000001        1.5656930773861995E-002
   22.200000000000003        2.7282975587088705E-002
   22.300000000000004        2.8640412890737418E-002
   22.400000000000006        1.7782999114420585E-002
   22.500000000000000        7.8984573601069610E-003
   22.600000000000001        1.1114930570805282E-002
   22.700000000000003        2.3443189466805608E-002
   22.800000000000004        2.9550413795612917E-002
   22.900000000000006        2.1657155499256578E-002
   23.000000000000000        9.2655711905109545E-003
   23.100000000000001        7.5554532343133423E-003
   23.200000000000003        1.8619353712844223E-002
   23.300000000000004        2.8735505381591295E-002
   23.400000000000006        2.5221918560074247E-002
   23.500000000000000        1.2167968801331424E-002
   23.600000000000001        5.5280351479081819E-003
   23.700000000000003        1.3460662974500555E-002
   23.800000000000004        2.6144513002220850E-002
   23.900000000000006        2.7782514242142804E-002
   24.000000000000000        1.6120995188280415E-002
   24.100000000000001        5.3630328525925124E-003
   24.200000000000003        8.7181336391033946E-003
   24.300000000000004        2.2030890854342403E-002
   24.400000000000006        2.8780220279254490E-002
   24.500000000000000        2.0437206849488198E-002
   24.600000000000001        7.0928415216358377E-003
   24.700000000000003        5.1130468211833318E-003
   24.800000000000004        1.6924925322951912E-002
   24.900000000000006        2.7903398088751145E-002
   25.000000000000000        2.4345694600915336E-002
   25.100000000000001        1.0439702920639511E-002
   25.200000000000003        3.2120369649071036E-003
   25.300000000000004        1.1548579770772453E-002
   25.400000000000006        2.5141110876198955E-002
   25.500000000000000        2.7109922730146327E-002
   25.600000000000001        1.4843975490551997E-002
   25.700000000000003        3.3254363580587669E-003
   25.800000000000004        6.7098335774227269E-003
   25.900000000000006        2.0811395770159304E-002
   26.000000000000000        2.8166931276485646E-002
   26.100000000000001        1.9552902545807507E-002
   26.200000000000003        5.4398835973834990E-003
   26.300000000000004        3.1586587626486070E-003
   26.400000000000006        1.5510825074364147E-002
   26.500000000000000        2.7226060692547134E-002
   26.600000000000001        2.3743296862896720E-002
   26.700000000000003        9.2130263946677195E-003
   26.800000000000004        1.4610925595092440E-003
   26.900000000000006        1.0024727310866744E-002
   27.000000000000000        2.4327706072494473E-002
   27.100000000000001        2.6657193983552187E-002
   27.200000000000003        1.4017577258837599E-002
   27.300000000000004        1.8944220079084204E-003
   27.400000000000006        5.2005740954222017E-003
   27.500000000000000        1.9852585975076283E-002
   27.600000000000001        2.7741391851795680E-002
   27.700000000000003        1.9046216737791472E-002
   27.800000000000004        4.3923146028384992E-003
   27.900000000000006        1.7999820652290777E-003
   28.000000000000000        1.4457962147915924E-002
   28.100000000000001        2.6740208568411590E-002
   28.200000000000003        2.3441317441039215E-002
   28.300000000000004        8.5482511929559253E-003
   28.400000000000006        3.7040200727971766E-004
   28.500000000000000        8.9771544997960511E-003
   28.600000000000001        2.3750830284744048E-002
   28.700000000000003        2.6443334029697285E-002
   28.800000000000004        1.3678021777253007E-002
   28.900000000000006        1.1452103186990832E-003
   29.000000000000000        4.2780762344393937E-003
   29.100000000000001        1.9212289038815812E-002
   29.200000000000003        2.7523680419699242E-002
   29.300000000000004        1.8934618971479369E-002
   29.400000000000006        4.0006641720574127E-003
   29.500000000000000        1.1147671479826390E-003
   29.600000000000001        1.3831869369624841E-002
   29.700000000000003        2.6473374653257484E-002
   29.800000000000004        2.3447149710656773E-002
   29.900000000000006        8.4720443642501975E-003
   30.000000000000000        0.0000000000000000     
