Manual (pré-Hermite):
0.89442719094150336
9.7818608542707368E-017
-0.37947331919516814
-1.0815853544266928E-013
0.19718012067948140 
2.5672287874035398E-010
-0.10799998348289554
-4.2171356802096222E-007
6.0591088982973704E-002
N/A
N/A

Mathematica:
0.894427190999916
0
-0.379473319220206
0
0.197180120701860
0
-0.108000000000000
0
0.0606148496657379
0
-0.0345025772950370

Manual (pós-Hermite):
0.89442719094150336     
 6.0825691352368859E-017
-0.37947331919542326     
-3.9423715223623853E-017
0.19718012068898233     
 7.4553482715563983E-018
0.10799999999294671     
-1.8252311086177811E-017
 6.0614849661779262E-002
-7.0163764411415508E-018
-3.4502577292783651E-002
